# Review this list before running the unsuspend script.
# These IDs are the conservative 'repair then restore' set from the 2026-09-02 review.
0011
0079
0091
0093
0096
0113
0123
0124
0134
0148
0154
0156
0158
0161
0163
0169
0173
0175
0185
0191
0193
0194
0202
0203
0207
0210
0250
0255
0259
0260
0264
0267
0270
0271
0272
0276
0297
0310
0312
0320
0327
0369
0370
0375
0377
0379
0386
0387
0395
0401
0407
0410
0411
0414
0425
0430
0453
0471
0476
0490
0500
0510
0524
0545
0583
0584
0678
0679
0688
0709
0711
0718
